162 ιΝῡΕΧ

190.
206.
239.
270.
306.
322.

242. 251. 258.
271. 2812. 295. 296.
310. 312. 314. 315.

370.
393.
414.
· 432.
465.
489.
- 506.
517.
524.

507.
518.
526.

508. 511. 513.
519. 520. 521.
527. 528. 529.
535.
544.
557.

531.
540.
553.
564.
588.
614.

533.
542.
555.

534.
543.
556.
568.
605.
626.

537. 539.
545. 552.
558. 562.
567.
601.
623.
649.
674. 677. 684 692,

quicumque 199. 376. 436. 512. 515.
quilibet 17. 494.

572.
606.
628.

573. 574.
609. 612.

quis, quae, quid 15. 26. 152. 382. 400.

480. 559. 566.

quis, qua, quid = aliquis etc. 120.

* 525. * 675,

quisquam, quidquam 1·“111. 119. 433.

quisque 556.

quisquis, quidquid 9. (132). *174.
Ξὲἓῑ ἓέἓῑ ἓξὲξ 1⁹:13: 333: 52:53} 233³:

*618. 620.

’ quivis 96. 119. 513.

quo adv. 509. 563.
quoad *501
quodammodo 490. (583).
quoi = eui *525. *675
quotiens 215. 319.

rapere 88. 137. 180. *527.
raro (503).

rarus 318. 572.

ratio 569.

receptus 446.

recipere 51. 240. (666).
reete 23. 98. 148. 387. 474.
rectus 501.

reddere 51. 60. 172. 573. 609. 675.
redimere 19.

redire 91. 181. 273. 459.

referre 354. 642.
reficere 239.
regere 187. 391.
regimen 458.

¹¹ 574.

191. 194. 196. 198. (200). 205.
208. 209. 211. 219. 235. 238.
260. 263. 264.
300. 302.
316. 321.
326. 330. 332. 333. 336. 338.
340. 348. 351. ⁴⁶:352. (359). 362. 366.
375. 375. 381. 384. 388. 391.
398. 403. 406. 408. 409. 413.
415. 418. 420. 421. 424. 430.
444. 447. 451. 452. 455. 463.
*467. 469, 472. 476. 477. 487.
493. 494. 499. 500. (503). 505.
514. 516.
522. 523.
532.
541.
554.
565.
595.
616.
634. 636. 642. 648.
(663). 664. (666). 671. 672. 673.

573. 581.

vmunomm.

regnare 574. (676).
relaxare *495
relicuus 166.
relinquere 105.
remedium 96. 250. 294. 423. 582. 657.
remotus 366.
renovare 560.
reperire 168. (662).
repetere 185.
reposcere 295.
reprendere 85. *516,
reprimere 440.
requirere 312.

res 45. 86. 115. 259. 283. 361. 454.
458. 570, 578. 613.
rescire 230.
respicere 344. 580.
restituere 520.
retinere 168. 232.
reus 571.

rex 577.

ridere 146.

rima 380.

risus 221. 256,

rite (689).

rivalis 619.

rivalitas 575.

rogare 122. 170. 233. 539. 579. (583),
rosa 610.

rubor 576.

ruina 380.

rumor 17. 193. 217.

saepe 60. 113. 132. 140. 165. 216.
228. 375. 567. *592
{2f1fssu223.⁷}85f3⁶g2. 636.

salvus 519. 677.

sanare 31.

sanetus 588. 637.

sanguis 275.

sapere 15. 22. 117. 300. 406. 427. 506.
sapiens 25. 41. 150. 427. 428. (* 464).
587. 589. 595. 607. 652. 654. 674.
sapientia 139. 282. 311. 590. 627.
sat 624. .
satis 505. 616. 678. 684.

seire 3, 15. 51. 329. (359). 375. 414.
425. 482. 559.

seribere 323. .

secretum 369.

secundus 208. 597. 600.

sed 79. 127. 248. 311. 319. 373. 391.
398. 682.

seditio 621.

semel 113. 132. 183. 303. 520.
semper [73]. 88. 97. 163. 247. 268.
274. 276. 289, 330. 337. (359). 377.

