160

nil ·6. *23. *27. *179. *239. *281.
⁸2:321. ⁸377. *378. *379. *384. ⁸393.
*396. *422 *423 *425 *430. *432.
*574. *580. *598. *634.

nimis 360. *532. (*666).

nimium 173. 416. *43Ο. 678.

nimius 107. *180. (392).

nisi 23. 26. 120. 182. 239. 253. 266.
293. 394. 409. 427. 460. 467. 559.
570. 574.

niti (673).

nocere 71. 122. 162. 199. 202. 243.
257. 260. 299. 397. 405. 410. 421.
436. 502. 510. 526. 552. 558. 568.

nolle 113. 397. 424. 484. 577,

nomen 42. 540.

non 5. 15. 18. 21. 36. 38. 42. 49. 56.
67. 70, 85. 109. 114. 117. 129. 138.
142. 157.170.172.176.182. 194.

209. 211. 220. 240. 263.

285. 288. 297. 300. 304.

340. 344. 347. 357. 358.

380. 388. 391. 393. 396.

402. 405. 406. 408. 412.

429. 437. 452..453. 467.

488. 494. 501. 508. 511.

197.
284.
336.
370.
399.
422.
481.
517.
553.
581.
648. 672. 674. (676). 682. 692.
nos 28.

noscere 402. 540.

noster 28.

notare 226.

novus 293. 645.

nubere 340. 445.

281.
319.
362.
398.
413.
478.

590. 599. 628.

nullus (84). 87. 100.183 234. 287.
384. 395. 401 417. 431. 484. *533.

542. 568. 570.
numerosus (671).
nummus 71.

numquam 57. 63. 181. 298. 328. 336.
354. 383. 386. 389. 413. (435). 459.

nffilt'iae 223.
nusquam 155. 385. ¹⁸435.
nutrix 600.

o 438. 440. 443. 447.
obesse 165. 183. 347. 529.
obiurgare 124. 439. 585.
obiurgatio 86.

obligare 78.

oblivio 250.

oblivisci 152. 305.
obsequium 52. 57. 445.

529. 533. 537. 540. 541. 25ξῖ
562. 569 571 *573.5’14.575.
*635. 640 643.

INDEX VERBORUM .

occasio 87. 140. 228. 446. 449. 525.
occidere 70. 442.

oceu1te 448.

occultus 456.

occurrere 567.

oculus 36, 40. 115. 265. 378.

odisse 6. 90. 156.

odium 311. 445.

offerre 44. 449.

officiosus 68.

officium 437. 517. 539.

omnis 1. 78. 112. 198. 236. 243. 266.
302. 311. 363. 364. 436. 441. 448.
458. *525. 542.Ι 554. 587. 598.. *623.
631. 642. 679. 686. 691.

operire 447.

opinio 62. '
oportere 9. 27. 35. 133. 465. 572. 655.
ppprimere 72. 519. 520. 614. 682.
bptare 1. 26. 382.

opterere *380.

optimus 134. 175. 225. 377. 444. 525.
optinere 69.

opus 44. 124. 466. 594.

oratio 214.

ordo 643.

oriri 40. 293.

otiosus 34. 688.

otium 187.

paelex 445. ' '
paenitere 32. 111. 196. 212. 271. 366.
601. 656.

par 106. 395.

parare 488. 511.

parcere 224. *224 345. *381. 532.
ρατέτθ 8. 388. 421. 466. 521. 619.
parere 93. 441. 579.

pariter 81.

pars 7. 180. 278. 469. 493. 530. 544.
642. 647. (661). 681.

pasci 114.

patere 266.

pati 99. 158. 464. 487. ⁸651.
patientia 96. *145.178.456.
patria 158. 367. 471. 635.
patrimonium 83. 217.

pauci 480. 484. 485. 522. (689).
pauper 644.

paupertas 210. 597.

pax 465.

peecare 52. 98. 148. 230. 242. 260.
271. 283. 275. 378. 448. 484. 486.
561. 629. 633. (663).

peccatum 238. 474. 489.

