 

INDEX VERBORUM.

, pectus 40. (200).
pecunia 62. 73. 458, 566.
peior, pessimus 45. 234. 317. 368.
447. 457.
. peius 369.
per 427. 472.
pervicax (685).
percutere (102).
perdere 9. 71. 81. 166. 179. 182. 455.
460. 467. 479. 576. 612, 675. 678.
perennis 481.
perfacile 477.
perferre 188. 190.
perfugere 473.
periclum 76. *92 *116 *326 *329.
*365. ⁸383. *447. *452 *483. ³499.
*625.
perire 66. 81. 140. 327. 345. (380).
482. 516. 644.
pernicies 101.
perpes ⁸411.
perpetuo *500.
persolvere (675).
persona 221.
pertinax 419.
pervenire 426. 509. 513.

petere 46. 308. 415. 469. 563. 581.

595.
placere 28. 326. 340. 351. 408.
plus, plurimus 51. 259. 496. 528. 535.
plus adv. 28. 106. 192. 269. 454. 462.
551. 584. 596. (670).
poena 38. 196. 376. 401. 454. 461.
462. 478. 495. 603. ¹632. 683.
ponere 5. 136. 444. 514. 626.
populus 112. 291. 471.

poscere 409. ·
posse 9. 82. 119. 144. 170. 172. 176.

209. 245. 246. 297. 307. 347. 362.
370. 379.“ 384. 397. 433. 451. 453.
502. 504. 516. 527. 529. 553. 562.
573. 584. 616. 620. 648. 667. 668.
possidere 112. 551.

post praep. 497. 506.

post == postea 196. 271. (*366).
postea 111.

posterior 103. 123.

potestne) ⁸⁸ 18. ⁸99. *179 *291. * 347.
1’406 *491. *516. ¹'¹527. *534. *541.
*552

potens 277. 350. 475. 483.

potestas 184.

potius 25.

praeiudicium 194.

praemium 122.

praesens 476. 674.

Pmmus Snus.

161

praesidium 77. 376.

praestare 148.

praeterire 238. 378.
precari 410.

premere 551.

prex 100. 287.

primum adv. 586.
primus *604. (662),

prior 123. 242. 290.
prius quam 396.

pro 104. 118. 207. 423. 463. 486. 498.
505. 593. 624. 627. 636.

probare 120. 680.

probus 195. 224. 450. 468. 493. 536.
prodesse 98. 190. 451. 529. 570.
proellum 638.

profundus (663).

properare 32. *461. 470.

proprius 69. 379.

prospicere 465.

prudens 492. 657.

psallere (669).

publicus 475.

pudere 258. 432.

pudicus 36.

pudor 453. 455. 459. 490. 494. 585.
pugnare 177.

pulcher 442.

putare 80. 205. 245. 262. 330. 474.
501. 554, 584. 591.

quacumque 290.

quaerere 222. 274. 418. 470. 483. 515.
516. 582. 625. ·

quaestus 381.

quam interr. 67. 160. 203. 205. 209.
211. 212. (213). 419. 504. 517. 518.
519. 522. 526. 543. 546. 547. 549.
555. 560. 562.

quam relat. 25. 95, (102). 106, 143.
168. 192. 222. 265. 269. 280. 322.
323. 371. 381, 385. 393. 395. 396.
401. ι’4.25. 432. 435. 439. 454. 462.
479. 496. 499. 507. 543. 551. 579. 584.
628. 638. 641. 650. (662). (670).
quamvis 255. 501. 568.

quaudo (659).

quanto (. . . . tanto) 33. 561. 578.
quasi 674.

queri 39. 384. 546. 557. 608.
questus 153.

qui, quae, quod 2. 3. 12. 16. 31. 32,
44. 46. 51. 54. 55. 58. 63. 64. 66.
67. 72. 76. 82. 88. 90. 97. 98. 105.
106. 109. 111. 112. 113. 119. 129.
137. 138. 144. 152. 156. 158. 161.
166. 170. 172. 173. 176, 179. 182.

11

