“ tuus 10. 474. 608.

164

turpis 283. 388. 423.
turpiter 479. 561.
turpitudo 76. 207.

tutus 3. 62. 91. 116. 128. 205. (359).

373. *381. 431. 47ἕὲ5496. 686.

ubi 21, 78. 81. 88. 129. 155. 184. 213.
ἓξὲξ
595.
639.

258. 285. 289. 291. 317. 327.
365. 385. 389. 432. 440. 441.
444. 495. 526. 549. 555. 585.
608. 629. 631. 633. 634. 635.
6-14. (676). 686. 687. 692.
ubicumque 637.

ulcisci 231. 476. 528. 603. 611.
(685).

ultra 179.

ultro 44.
umbra 159.

umquam 182. 428.

unfi 345.

unde 171. 181.

universus 296. 485.

unus 159. 243. 310. 363. 458.
632. 686.

urere 307.

usura' 624.

ut 40. 49. 122. 125. 188. 190.
307. 368. 370. 524. 539. 558.
(689). (690).

uterque 649.

uti 500.

utique (663).

utile 222. 404.

utilis 128. 471. 638.
valere 17. 192. 269. 291. 348. 692.
vapor 389.
varietas 239.
vehiculum 104.

velle 82. 106. 108. 319. 336. (359).
361. 403. 451. 508. 519. 529. 533.
572. 574. 577. 598. 603. 611. 612.

616. 677.
veluti *474

673.

535.

22⁴.
577.

INDEX VERBORUM.

vendero 48.

· venenum 214. -
venire 72. 92. 137. 167. 185. 318.

368. 461. 487. 558. 674.

Venus 56. 276.

venus 268.

verber 284.

verbum 61. 559. 563. 642.

vereri 3. 299.

veritas 416. 684.

veru *638.

verus 308. 523. 636.

vesci 337.

vestigium 290.

vetus 293. 445.

via 104. 617.

vicinus 611.

victoria 64. 289, 366. 575. 606. 647.
videre 15. 191 263. 304. 452. 533.
646. (661). (669).

vigilare 16.

vincere 64. 95. 125. 151. 251. 324.
364. 366. 383. 398. 425. 499. 500.
549. 569. 654.

vindicare 76. 254. 285. 394. 525.
vir 36. 74. (84). 93. 324. 356. 371.
643. 651. (685).

virtus 136. 266. 388. 402 486. 538.
641. 646, 647. 648. 653. 682. 691.
vis 121. 142. 521, 540. 569. 599. *692.
vita 54. 79. 90. 105. 134. 220. 231.
244. 411. 438. 547. 631. 688.
vitare 249.

vitium 10. 85. 98. 150. 514. 541.
vitreus 189.

viver& 26. 82. 212. 329. 330. 372.
385. 454. 537.

.vix 22. 121. 520. *521.

vocare 146. 241. 316.

voluntas *640.

voluptas 325. 365. 436. 521. 630. 650.
votum 477.

vox 142. 211. 284.

vulnus 31. 118. 606.

vultus 301. *492 647. 652.

