 

³ WW1t2w-*WWW-wsvff—-w -

INDEX VERBORUM.

litigare 12.

loeus 223. 261. 281. 292. 306. 318.
417. 426. 431. 486. 492. 592.
longinquus 302.

longus 79. 438.

loqui 127. 263. 281. 314. 554. 684.
lucere 307.

lucrum 135. 297. 668.

ludere 30. 382.

lumen 602.

macula 275. .

mage ⁸323. 2348. *650.

magis 39. 393. super-l· 309.
magnus, maior, maximus 59. 61. 251.
326. 346. 390. 401. 498. 578. 594.
maledictum 126. 186. 223. 331. 363.
malignus 309.

malitia 61. 343. 363. 368.
malivolus 186. 337. 341.
malle 479.

male 67. 127. 320. 330. 332. 335. 336.
339. 366. 523. 633.

malum subet. 79. 198. 253. 553. 560.
malus 20. 26. 47. 49. 54. 80. 135.
312. 316. 317. 324. 325. 327. 328.
345. 347. 354. 361. 362. 374. 376.
430. 461. 543. 557.

mancipium 471.

manifestus 355.

mansuescere 373.

mater 600.

matrona 93.

maturus 396. ·
medicina 327. 342. 463.

medicus 89. 332.

meditari 558.

melior 33.

melius 95. 385. 579. 641.
meminisse 206. 444. 502. 588.
memor 467.

memoria 75. 365. 497. 624.
mendacium 130. 186. 636.

mendax 247. 407.

mens (670).

mensa (670).

mentiri 13. 147.

meretrix 353. (358).

merito 537.

metuere 160. 255. (359). 414. (503).
596. 598. 607. 620. .
ιιέῗόιε 270. 318. 344. 357. 364. 631.
miles 136.

minari 310.

159

minor, minimus 286. 322. 352. 390.
minus, minime 35. 333. 375. 654. 688.
mise1‘68. 151. 160. 209. 211. 213.
243. 277. 314. 315. 338. 340. 365.
372. 413. 420. 432. 438. 451. 454.
504. 517. 518. 519. 522. 526. 546.
(549. 555. 559. 560. 562. 564. 613.
misereri 170. 329.

miseria 14. 193. 244.

misericors 206. (358). 367. 475. (659).
misericordia 77. 312. 417. 518.
mittere 321.*

monete 568.

mora. 128. 149. 311. 349. 570.
morari ³478.

mori 23. 50. 74. 82. 155. 205. 215.
296. 313. 319. 321. 356. 385. 420.

, 482. 537. 616.

111018 30. 54. 84. 90. 105. 134. 313.
360. 364. 374. 430. 433. 504. 613.
mortalis 286.

muliebris 343.

mulier 6. 20. 335. 340.

multo 53. [143]. 162. *457.

multus 13. 110. 164. 210. 212. 229.
236. 310. 326. 350. 351. 356. 371.
408. 487. 609. 632.

munus 321. (358).

mutare 176. 334. 362. 370. 379.
mutus 169. 457. (669).

nasci 296. 323. 3zo. 453. 548. 634.
natura. 187. 327. 328. 337. 387. 450.
643. 652.

naufragium 264.

ne 127. 218. 261.

nee 177. 411. 433. 451. 504. 667.
necare 109. 463. 673.

necesse (est) 319. 390. 551.
necessitas 374. 399. 403. 404. 407.
409. 418. 419. 425. 428. 434.
negare 88. 333. 386. 415. 428. 469.
533. 595.

neglegere *468. 565.

negotium 547.

nemo 35. 49. 91. 182. 191. 253. 420. ’

426. 460. 653. 687.

Neptunus 264.

neque . . . neque 99.

nequeo 487.

nequior 33.

nescire 46. 138. 348. 375. 382. 400.
414. 484. 531. 605. 651. (663).

ni *72. 414. 431.

nihil 307. 428.

