r donare 80. 137. 220, *467. *480- . .
· ¹ (660). (663). (666). 668. (669). 674.

156

dormire 67. 673.

dubitare 523. 528. ⁸

dubius 197. 259. 593. ’
ducere 379. 423.

dulcis 56. 144. 276. 440. 630.
dum 134.

duplex (141).

durus (660).

dux 136.

ebrIus 12.
effugere 154. 433. 656.
egere 286. 407.
elgiestaiss(3 6160.

e eu .
elabi 18.
elidere (689).
eligere 36.
eloquens 505.
emendare 150.
emori 50.

eripere 157. 352. 409. 455. 536. 604.

errare 57.

esse 1. 6. 7. 8. 11. 14. 20. 21. 29.
33. 35. 37. 44. 45. 47. 48. 49. 50.
54. 59. 60. 61. 62. 63, 68. 73. 75.
76. (83). (84). 86. 87. 96. (102). 103.
107. 109. 115. 116. 118. 123.

106.
1 24.
143.
160.
184.

231.
250.
261.
289.
302.
316.

234.
252.
270.
290.

362.
376.
396.
430.
451 .
467.
476.
497.
519.
546.
562.

365.
377.
397.
431.
452.
469.
480.
498.
522.
548.
565.

367. 370.
381. 384.
401. 404.
432. 439.
454. 458.
470. 471.
482. 483.
504. 505.
526.

486.
511.
525. 532.
549.

569.

593.
608.
625.

125. 128. 132. 134. 135. 136.
145. 149. 152. 153. 154. 155.
161. 169. 171. 172. 175. 183.
185. 186. 187. 189. 193.194.
195. 196. 198. (200). 201. 202. 203.
204. 205. 206. 207. 209. 211. (213).
217. 218. 220. 221. 222. 225. 227.
237. 239. 241. 244. 247.
254. 255. 256. 258. 259.
275. 276. 279. 282. 283.
292. 294. 295. 296. 300.
306. 311. 312. 313. 314. 315.
317. 319. 322. 325. 327. 329.
342. 343. 345. 349. 353. (358). (359).
372. 373. 374.
388. 389. 390.
411. 413. 415.
442. 444. 450.
462. 463. 466.
472. 473. 475.
490. 492.
517. 518.
537. 543.
551. 555. 557. 560.
572. 573. 576. 577.
578. 581. 582. (589). 585. 586. 588.
594. 597. 600. 603. 604. 606.
610. 611. 616. 621. 623. 624.
627. 630. 631. 635. 636. 637.

INDEX VERBORUM.

638. 650. 651 652. 655. 657. (659).

675. (676). 677. 678. 680. 681. 682.
683. 684. 686. 688. 691.

et 22. 151. 156. 268. 296. 298. 397.
464. 635. 671. 685.·688.

etiam 65. 84. 116. 144. 147. 148. 149.
152. 159. 161. (165). 202. 228. 244.
256. 262. 267. 293. 301. 345. 452.
486. 492. 552. 557. 610. (669).
etsi *347.

evenire 1. 507.

evitare 607.

8, ex 150. 153. 164. 275. 493. 610.
630. (661). *684.

excellere 162.

excidere 70. 629. -

excusare 562.

excusatio 279.

excutere 576.

exsilium 158.

exire 232.

exitium 288.

exornare 550.

expedire 152.

experiri 210.

explicare 110.

exspectare 2. 90. 539.

extra 204.

extenuare 489.

extinguere 54. 63. 288. 668.
extorquere 18.

extremus 163.

exulare ⁸155.

facere 2, 4. 10. 23. 30. 31. 43. 89.
98. 156 163. 173. 191. 252. 264. 280.
285. 310. 311. 331. 332. 336. 387.
407. 414. 432. 460. 464. 477. 481.
496. 528. 541. 543. 546. 574. 612.
617. 626. 640. 643. 651. 664.
facies 169. '

facile 21. 162. 245. 265. 277. 280.
395. 408. 429. 435. 449. 515. 664.
facilis 188. 412.

facilitas 180. ⁸278. 412.

facinus 174. 262.

factum 196. 271.

facundus 104.

fallere (84).

falsus 186.

181118 69. 135. 266. 498. 520.

fateri 174.

fatum 629.

favere 605.

fax 39. “

felicitas 475. 491.

