 

''2‘WWWW-W“ ¹ * ⁴-

INDEX VERBORUM.

felix 121. 146. 175. 241. 246. 313.
360. 438. 464. 477 . 547.

femina 130. 187. 324.

ferire 85.

ferre 8. 10. 176. 188. 190. 216. 222.
246. 265. 280. 284. 370. 434. 587.
589. 606. 645. 671.

ferrum 267.

fides 148. 161. 166. 179. 181. 182.
320. 597. 637. 679. ’

fidus 323.

fieri 56. 79. 94. 131. (141). 144. 153.
160. 164. 178. 245. 277. 297. 303.
309. 350. 363. (392) (396). 445. 512.
582. 564. 615. 618. *622. 636.
filius 450,

fingo 429.

finis 43. 437. 460.

firmus 4.

flagitare 302.

flectere 228. 494.

flere 130. 434.

fletus 221. 488.1

flumen (582).

forma 269.

formidare 639.

formonsus 169.

-formosns 164.

fortis 99. 109. 246. 464, 655.
Fortuna 153. 218. 295. 612. ·
fortuna 167. 168. 171. 173. 183. 189.
191. 192. 299. 315. 320. 352. 384.
411. 496. 550. 571. 589. 597. 641.
frangere 114. 171. 189. 494.

fraus 172.

frenum (665).

frons (666).

fructus 29.

frugalitas 193.

frustra 170. 185. 418. 427. *582.
frux 228.

fugere 47. 144. 174. 272. 382. 527.
fulmen 184. *582.

futurum 177. 548.

furor 178.

galea 638.

gaudere 646.

gaudium 81. 268. 440.

gerere 320.

gloria 94. 203. 538. 681.

gradus 431.

gratie 91. 164. 459.

gratus 44. 134. 191. 610. *658.
gravis 143. 194. 195. 196. 197. 198.
(200). 201. 202. 227. 439. 638. (666.)
graviter 53. (102). 199. 667. (685).

157

habere 38. 42. 121. 129. 133. 142.
159. 161. 182. 194. 197. 208. 211.
214. 223. 245. 278. 288. 298. 318.
341. 355. 381. 412. 437. 446. 456.
492. 517. 522. 559. 628. 647. (669).

habitare 184.

hereditas 498.

heres 221. 222. 323. 332, 626.

haffu 203. 205. 209. 211. 212. (213).
hie 245.

homo 11. 54. 62. 126. 153. 192. 195.
204. 206. 210. 215. 216. 218. 220.
228. 229. 258. 385. 401. 403. 411.
585. 622. 627. 629. 682.

honestas 361.

honeste 219. 224. 361. [479]. 653.

honestus 207. 217. 226.

honos 226. ,

hora 49. 609. (662). .

hostis 161. 251. 621. 655.

humanitas 225. ·

humilis 4.. 255. 667. (669).

iacere 252.

iacere 266.

ibi 289. 291. 637.

idem 31. 527.

ignis 267. 307. 389.

ignominia 94. 292.

ignominiose 442.

ignorantia (663).

ignoscere 258. 350. 535. *592. 658.

ignotus 596.

ille 260. 321. 472.

illic 659.

imitari 61. 400. 644.

immature 420.

impedimentum 691. “
imperare 41. 73. 88. 93. 339. 378.
441. 477. 579. 649.

imperium 56. 201. 339. 599.
impetrare 403. .

imponere (665).

improbare 361.

improbitas 394. 485. 615.

improbus 101. 224. 357. 387. 478.
528. 536.

imprudens 271.

impudicus ⁸640.

imus 548.

in 33. 40. 47. 64. 69. (84). 86. 91.
104. 130. 136. 149. 161. (200). 206.
208. 211. 216. 234. 237. 242. 244.
247. 253. 254. 256. 259. 267. 268.
269. 274. 276. 277. 283. 324. 369.
376. 417. 430. 435. 439. 459. 465.

